{
  "keyframes": [
    {
      "matrix": "[0.12680885938238004, 0.9809564832293712, -0.14711862966221034, 0.0, -0.4340233781965338, 0.18823668695148937, 0.8810168312261379, 0.0, 0.8919322958619602, -0.0478678148218851, 0.44962812628123966, 0.0, 0.9388534248029717, 0.10357820446988834, 0.9725818568772999, 0.0]",
      "fov": 50,
      "aspect": 1,
      "properties": "[[\"FOV\", 50], [\"NAME\", \"Camera 0\"], [\"TIME\", 0.0]]"
    },
    {
      "matrix": "[-0.13140591250356734, 0.9902273309198164, -0.04671530005932578, 0.0, -0.4593606639603069, -0.019063710509283984, 0.8880452439983753, 0.0, 0.8784761047436808, 0.13815356687782587, 0.4573765684781456, 0.0, 0.9518799563286839, 0.42705764209832003, 0.9638506870968493, 0.0]",
      "fov": 50,
      "aspect": 1,
      "properties": "[[\"FOV\", 50], [\"NAME\", \"Camera 1\"], [\"TIME\", 0.09090909090909091]]"
    },
    {
      "matrix": "[-0.47675981754574365, 0.87436553279696, 0.09047094252273175, 0.0, -0.3561664091237159, -0.28624159625574774, 0.8895005551554941, 0.0, 0.8036451738337302, 0.39185541163760984, 0.44788812328273064, 0.0, 0.6742689648195752, 0.6557884587845162, 0.9751808898427271, 0.0]",
      "fov": 50,
      "aspect": 1,
      "properties": "[[\"FOV\", 50], [\"NAME\", \"Camera 2\"], [\"TIME\", 0.18181818181818182]]"
    },
    {
      "matrix": "[-0.7093895916343733, 0.6731348143041563, 0.2089400131037712, 0.0, -0.17783821854541607, -0.4578005267196818, 0.8710868187452369, 0.0, 0.682011712029925, 0.5807824028902063, 0.44446802491642673, 0.0, 0.49304351494900645, 0.9291292074632951, 0.921037586969191, 0.0]",
      "fov": 50,
      "aspect": 1,
      "properties": "[[\"FOV\", 50], [\"NAME\", \"Camera 3\"], [\"TIME\", 0.2727272727272727]]"
    },
    {
      "matrix": "[-0.7593363848656943, 0.6109366505078802, 0.22397469435585038, 0.0, -0.045048471240066695, -0.3927380784065609, 0.9185463717432921, 0.0, 0.6491370347612362, 0.6873959636452379, 0.32574207478624456, 0.0, 0.3660399138868504, 0.9890591634174465, 0.7120853490616442, 0.0]",
      "fov": 50,
      "aspect": 1,
      "properties": "[[\"FOV\", 50], [\"NAME\", \"Camera 4\"], [\"TIME\", 0.36363636363636365]]"
    },
    {
      "matrix": "[-0.6589038407564749, 0.7424898166763023, 0.12064245018930672, 0.0, 0.04018467582668676, -0.12540771730997935, 0.9912911259099358, 0.0, 0.7511530606378766, 0.6580135078941179, 0.052794914008294384, 0.0, 0.47766384729691247, 0.8958994145358419, 0.5164086281456807, 0.0]",
      "fov": 50,
      "aspect": 1,
      "properties": "[[\"FOV\", 50], [\"NAME\", \"Camera 5\"], [\"TIME\", 0.45454545454545453]]"
    },
    {
      "matrix": "[-0.5099092274021748, 0.8591080478291078, 0.04388555544835189, 0.0, 0.0118982309977716, -0.04396768125131671, 0.9989620989532283, 0.0, 0.8601459247998682, 0.5099021525358302, 0.012197660372408764, 0.0, 0.7826648556951642, 0.661921527887464, 0.47607814630668843, 0.0]",
      "fov": 50,
      "aspect": 1,
      "properties": "[[\"FOV\", 50], [\"NAME\", \"Camera 6\"], [\"TIME\", 0.5454545454545454]]"
    },
    {
      "matrix": "[-0.4048399156068041, 0.9131162939381837, 0.04820037845984057, 0.0, 0.18550786976311853, 0.03040128611833123, 0.9821723841051837, 0.0, 0.8953722538855025, 0.40656413460483576, -0.18169791264094945, 0.0, 0.6933876363239981, 0.5661913607766902, 0.25076954989198197, 0.0]",
      "fov": 50,
      "aspect": 1,
      "properties": "[[\"FOV\", 50], [\"NAME\", \"Camera 7\"], [\"TIME\", 0.6363636363636364]]"
    },
    {
      "matrix": "[-0.392980373813078, 0.9174939892233881, 0.061410142028339394, 0.0, 0.35975645199723716, 0.09194348617498765, 0.9285050837968195, 0.0, 0.8462515708018937, 0.3869769697139276, -0.3662063678585218, 0.0, 0.554241421922588, 0.538986034669653, 0.04510029319005833, 0.0]",
      "fov": 50,
      "aspect": 1,
      "properties": "[[\"FOV\", 50], [\"NAME\", \"Camera 8\"], [\"TIME\", 0.7272727272727273]]"
    },
    {
      "matrix": "[-0.22653991363664122, 0.9609974091108386, -0.15863053683127745, 0.0, 0.41860277680387514, 0.24311784711374906, 0.8750231012406694, 0.0, 0.879460847805158, 0.1318244745753302, -0.4573520800438015, 0.0, 0.879692845107155, 0.18295083964458816, 0.09200883049504015, 0.0]",
      "fov": 50,
      "aspect": 1,
      "properties": "[[\"FOV\", 50], [\"NAME\", \"Camera 9\"], [\"TIME\", 0.8181818181818182]]"
    },
    {
      "matrix": "[-0.3097944722584155, 0.9453883187035175, -0.10133267894446606, 0.0, 0.40629905373228237, 0.22798311895828144, 0.8848416674437266, 0.0, 0.8596211165013111, 0.23294768582027572, -0.45473828932030097, 0.0, 0.6046286159496246, 0.4831066058656259, 0.11084807046216755, 0.0]",
      "fov": 50,
      "aspect": 1,
      "properties": "[[\"FOV\", 50], [\"NAME\", \"Camera 10\"], [\"TIME\", 0.9090909090909091]]"
    },
    {
      "matrix": "[-0.541358145964714, 0.839900722754741, 0.0387057324786027, 0.0, 0.3788094697878747, 0.20254635425285641, 0.9030384045081775, 0.0, 0.7506229036188915, 0.5035292943761773, -0.4278124662714148, 0.0, 0.246212074105331, 0.7711736050121781, 0.16829058865783822, 0.0]",
      "fov": 50,
      "aspect": 1,
      "properties": "[[\"FOV\", 50], [\"NAME\", \"Camera 11\"], [\"TIME\", 1.0]]"
    }
  ],
  "camera_type": "perspective",
  "render_height": 848.0,
  "render_width": 480.0,
  "camera_path": [],
  "fps": 24,
  "seconds": 2,
  "smoothness_value": 0.5,
  "is_cycle": true,
  "crop": null
}