{
  "keyframes": [
    {
      "matrix": "[0.06245367468166249, -0.2625668660960917, 0.9628905334397121, 3.839680760827323, 0.9941783076748983, 0.10124052126650815, -0.03687613594713555, -0.30104625723816764, -0.08780108807864972, 0.9595879312092326, 0.2673611251666945, 0.9589058895483427, 0.0, 0.0, 0.0, 1.0]",
      "fov": 50,
      "aspect": 1.66996699669967,
      "properties": "[[\"FOV\", 50], [\"NAME\", \"Camera 0\"], [\"TIME\", 0.0]]"
    },
    {
      "matrix": "[0.0819350797947708, -0.2942334188331755, 0.9522149641658363, 3.861768898383104, 0.9910064260686837, 0.12547461811983793, -0.04650143759375973, -0.30213632103627536, -0.10579653203283394, 0.9474612474869215, 0.30186798167570267, 1.1997686190410217, 0.0, 0.0, 0.0, 1.0]",
      "fov": 50,
      "aspect": 1.66996699669967,
      "properties": "[[\"FOV\", 50], [\"NAME\", \"Camera 1\"], [\"TIME\", 0.25]]"
    },
    {
      "matrix": "[0.07671448204276096, -0.2830112599755357, 0.9560436784020644, 3.859161138342482, 0.9917658593525, 0.1202771275683719, -0.04397604810268613, -0.310062586022015, -0.10254447068581464, 0.9515450800414337, 0.2899079029990697, 1.1360585828832626, 0.0, 0.0, 0.0, 1.0]",
      "fov": 50,
      "aspect": 1.66996699669967,
      "properties": "[[\"FOV\", 50], [\"NAME\", \"Camera 2\"], [\"TIME\", 0.5]]"
    },
    {
      "matrix": "[0.07597626578630104, -0.2770620624872749, 0.9578435261607433, 3.851355912707805, 0.9922894686639177, 0.11535007498072544, -0.045342811785907176, -0.3243955989608839, -0.09792454961006843, 0.9539030211569611, 0.28368963472763253, 1.0862630893308807, 0.0, 0.0, 0.0, 1.0]",
      "fov": 50,
      "aspect": 1.66996699669967,
      "properties": "[[\"FOV\", 50], [\"NAME\", \"Camera 3\"], [\"TIME\", 0.75]]"
    },
    {
      "matrix": "[0.06110133788649263, -0.2626173621242143, 0.9629635235355385, 3.842151681016815, 0.9944458934743982, 0.09884936407916528, -0.03614094870201385, -0.3039625648224474, -0.08569709132013086, 0.9598233818637334, 0.2671985857139699, 0.9581093441521376, 0.0, 0.0, 0.0, 1.0]",
      "fov": 50,
      "aspect": 1.66996699669967,
      "properties": "[[\"FOV\", 50], [\"NAME\", \"Camera 4\"], [\"TIME\", 1.0]]"
    }
  ],
  "camera_type": "perspective",
  "render_height": 1080,
  "render_width": 1920,
  "camera_path": [
    {
      "camera_to_world": [
        0.06245367468166249,
        -0.2625668660960917,
        0.9628905334397121,
        3.839680760827323,
        0.9941783076748983,
        0.10124052126650815,
        -0.03687613594713555,
        -0.30104625723816764,
        -0.08780108807864972,
        0.9595879312092326,
        0.2673611251666945,
        0.9589058895483427,
        0.0,
        0.0,
        0.0,
        1.0
      ],
      "fov": 50,
      "aspect": 1.66996699669967
    },
    {
      "camera_to_world": [
        0.0819350797947708,
        -0.2942334188331755,
        0.9522149641658363,
        3.861768898383104,
        0.9910064260686837,
        0.12547461811983793,
        -0.04650143759375973,
        -0.30213632103627536,
        -0.10579653203283394,
        0.9474612474869215,
        0.30186798167570267,
        1.1997686190410217,
        0.0,
        0.0,
        0.0,
        1.0
      ],
      "fov": 50,
      "aspect": 1.66996699669967
    },
    {
      "camera_to_world": [
        0.07671448204276096,
        -0.2830112599755357,
        0.9560436784020644,
        3.859161138342482,
        0.9917658593525,
        0.1202771275683719,
        -0.04397604810268613,
        -0.310062586022015,
        -0.10254447068581464,
        0.9515450800414337,
        0.2899079029990697,
        1.1360585828832626,
        0.0,
        0.0,
        0.0,
        1.0
      ],
      "fov": 50,
      "aspect": 1.66996699669967
    },
    {
      "camera_to_world": [
        0.07597626578630104,
        -0.2770620624872749,
        0.9578435261607433,
        3.851355912707805,
        0.9922894686639177,
        0.11535007498072544,
        -0.045342811785907176,
        -0.3243955989608839,
        -0.09792454961006843,
        0.9539030211569611,
        0.28368963472763253,
        1.0862630893308807,
        0.0,
        0.0,
        0.0,
        1.0
      ],
      "fov": 50,
      "aspect": 1.66996699669967
    },
    {
      "camera_to_world": [
        0.06110133788649263,
        -0.2626173621242143,
        0.9629635235355385,
        3.842151681016815,
        0.9944458934743982,
        0.09884936407916528,
        -0.03614094870201385,
        -0.3039625648224474,
        -0.08569709132013086,
        0.9598233818637334,
        0.2671985857139699,
        0.9581093441521376,
        0.0,
        0.0,
        0.0,
        1.0
      ],
      "fov": 50,
      "aspect": 1.66996699669967
    },
    {
      "camera_to_world": [
        0.06227907150371107,
        -0.26259131428066373,
        0.9628951754773563,
        3.841880553886359,
        0.9942596413322536,
        0.10042190932453762,
        -0.036921616236344094,
        -0.30410958364606744,
        -0.08700047626795393,
        0.9596672557882895,
        0.2673381292250198,
        0.9603767787060591,
        0.0,
        0.0,
        0.0,
        1.0
      ],
      "fov": 50,
      "aspect": 1.66996699669967
    },
    {
      "camera_to_world": [
        0.0726376999755863,
        -0.27377916126411045,
        0.959045742100113,
        3.8413044942181815,
        0.9928856530419321,
        0.11081546573198998,
        -0.043566185719311576,
        -0.3306627877369507,
        -0.09434958678339639,
        0.9553873054695149,
        0.2798807818734839,
        1.0415122353860535,
        0.0,
        0.0,
        0.0,
        1.0
      ],
      "fov": 50,
      "aspect": 1.66996699669967
    },
    {
      "camera_to_world": [
        0.06971208397995846,
        -0.2672993173923607,
        0.9610886016956649,
        3.844618836708486,
        0.9933986869979625,
        0.10658446944873023,
        -0.042412256991200936,
        -0.3334417554695269,
        -0.09110035136213707,
        0.9577008018343315,
        0.272965016418192,
        0.9937066453477839,
        0.0,
        0.0,
        0.0,
        1.0
      ],
      "fov": 50,
      "aspect": 1.66996699669967
    },
    {
      "camera_to_world": [
        0.061363631992143605,
        -0.2628281068023378,
        0.962889345139934,
        3.84287919368219,
        0.994427260232496,
        0.09895537481270329,
        -0.036362864328876886,
        -0.3096749110849766,
        -0.08572589326201163,
        0.9597547708194243,
        0.26743569536319395,
        0.9551357794987148,
        0.0,
        0.0,
        0.0,
        1.0
      ],
      "fov": 50,
      "aspect": 1.66996699669967
    },
    {
      "camera_to_world": [
        0.06251676793238807,
        -0.2630640462220745,
        0.9627507264879822,
        3.8490356143495474,
        0.9943129990799998,
        0.09974739168477953,
        -0.03731109369410992,
        -0.3220091361436734,
        -0.08621666653365931,
        0.9596081312064922,
        0.26780388528700905,
        0.9600727046609359,
        0.0,
        0.0,
        0.0,
        1.0
      ],
      "fov": 50,
      "aspect": 1.66996699669967
    },
    {
      "camera_to_world": [
        0.06240849163250694,
        -0.2634603971645549,
        0.9626493646902956,
        3.845261847873055,
        0.9943218790013476,
        0.09971050537545009,
        -0.037172786511538186,
        -0.317532037864246,
        -0.08619269755458227,
        0.9595032226542709,
        0.26818721939149837,
        0.9584987543950187,
        0.0,
        0.0,
        0.0,
        1.0
      ],
      "fov": 50,
      "aspect": 1.66996699669967
    },
    {
      "camera_to_world": [
        0.06558179108480006,
        -0.26366738639522513,
        0.9623817008184434,
        3.8520718399349354,
        0.9938874906067413,
        0.10309573461396682,
        -0.0394832308692205,
        -0.3294897112279271,
        -0.08880700813518962,
        0.9590885146305088,
        0.26881691994837553,
        0.9705231031059218,
        0.0,
        0.0,
        0.0,
        1.0
      ],
      "fov": 50,
      "aspect": 1.66996699669967
    },
    {
      "camera_to_world": [
        0.08715859643792433,
        -0.30722118748578925,
        0.9476383915119585,
        3.8565560371234433,
        0.9899732227815159,
        0.13285659320969825,
        -0.04798066085750427,
        -0.27095809462357173,
        -0.11115933268600166,
        0.9423185595330897,
        0.31572034327375265,
        1.2563470046308656,
        0.0,
        0.0,
        0.0,
        1.0
      ],
      "fov": 50,
      "aspect": 1.66996699669967
    },
    {
      "camera_to_world": [
        0.0949049410485748,
        -0.3197914425155442,
        0.9427229102440299,
        3.8547166637272117,
        0.9887458788501522,
        0.14029662215211341,
        -0.051946557822230524,
        -0.23578672751260427,
        -0.11564877527295918,
        0.9370433774092016,
        0.32950731353345014,
        1.3094935309577873,
        0.0,
        0.0,
        0.0,
        1.0
      ],
      "fov": 50,
      "aspect": 1.66996699669967
    },
    {
      "camera_to_world": [
        0.1017517895247237,
        -0.33181807730931934,
        0.9378397181500908,
        3.8726372310499046,
        0.9872398084970279,
        0.14976005422350774,
        -0.05412473258829428,
        -0.18932178251425857,
        -0.122491362340788,
        0.9313799921458086,
        0.342822368615266,
        1.3763766778365942,
        0.0,
        0.0,
        0.0,
        1.0
      ],
      "fov": 50,
      "aspect": 1.66996699669967
    },
    {
      "camera_to_world": [
        0.11329774594152339,
        -0.3529106947002366,
        0.928772126181307,
        3.8915113404859683,
        0.984701975548297,
        0.16443807813766853,
        -0.057637989292673004,
        -0.09396475859258609,
        -0.13238444061468826,
        0.9210940017523866,
        0.36614232186339885,
        1.5523114684460766,
        0.0,
        0.0,
        0.0,
        1.0
      ],
      "fov": 50,
      "aspect": 1.66996699669967
    },
    {
      "camera_to_world": [
        0.11645618169128347,
        -0.36396405241464325,
        0.9241039586195793,
        3.898055032594401,
        0.984032118092975,
        0.16838250703958318,
        -0.05768987679436736,
        -0.06279544325576841,
        -0.13460589997618858,
        0.9160663185122399,
        0.3777615012407195,
        1.6672757926209922,
        0.0,
        0.0,
        0.0,
        1.0
      ],
      "fov": 50,
      "aspect": 1.66996699669967
    },
    {
      "camera_to_world": [
        0.1207553532745919,
        -0.38905983036639774,
        0.9132637040260485,
        3.872246237229232,
        0.9828093704774097,
        0.17628705803097194,
        -0.0548508383948098,
        -0.045445465226640586,
        -0.13965631370788092,
        0.9041876584014807,
        0.40365925293071575,
        1.8653598518744985,
        0.0,
        0.0,
        0.0,
        1.0
      ],
      "fov": 50,
      "aspect": 1.66996699669967
    },
    {
      "camera_to_world": [
        0.10773939444831353,
        -0.3420444750386151,
        0.9334869040431412,
        3.8828816091532627,
        0.9861419854157835,
        0.15591904405573126,
        -0.056685415240559145,
        -0.14116920632544436,
        -0.1261594526186477,
        0.9266578812248051,
        0.3541030411046037,
        1.4510634112694898,
        0.0,
        0.0,
        0.0,
        1.0
      ],
      "fov": 50,
      "aspect": 1.66996699669967
    },
    {
      "camera_to_world": [
        0.11508916948125078,
        -0.378606733012787,
        0.9183743380703098,
        3.8738443450607765,
        0.9841170272180246,
        0.16925051983711342,
        -0.053553135057209954,
        -0.03821545227392833,
        -0.13515975661686205,
        0.9099512092919261,
        0.39207223433959554,
        1.7740971017660898,
        0.0,
        0.0,
        0.0,
        1.0
      ],
      "fov": 50,
      "aspect": 1.66996699669967
    },
    {
      "camera_to_world": [
        0.12680885938238004,
        -0.4340233781965338,
        0.8919322958619602,
        3.8652958918406144,
        0.9809564832293712,
        0.18823668695148937,
        -0.0478678148218851,
        -0.018668564305775993,
        -0.14711862966221034,
        0.8810168312261379,
        0.44962812628123966,
        2.1876882190411613,
        0.0,
        0.0,
        0.0,
        1.0
      ],
      "fov": 50,
      "aspect": 1.66996699669967
    },
    {
      "camera_to_world": [
        0.1300655132281977,
        -0.39801359984545254,
        0.9081124030907898,
        3.877003220637261,
        0.9811250596979038,
        0.18384851552799875,
        -0.05994447906994489,
        -0.07006828265763751,
        -0.14309639933531612,
        0.8987685451302873,
        0.4144134684373387,
        1.9425473766883234,
        0.0,
        0.0,
        0.0,
        1.0
      ],
      "fov": 50,
      "aspect": 1.66996699669967
    },
    {
      "camera_to_world": [
        0.12838035928572522,
        -0.4232378588171246,
        0.896876913658805,
        3.861099218173746,
        0.9807585451369849,
        0.18830192577391727,
        -0.05152728297368002,
        -0.04299758437222157,
        -0.1470753531076758,
        0.8862347881081373,
        0.4392684155454253,
        2.1073857049615636,
        0.0,
        0.0,
        0.0,
        1.0
      ],
      "fov": 50,
      "aspect": 1.66996699669967
    },
    {
      "camera_to_world": [
        0.12643740300937176,
        -0.4122398059363554,
        0.902259344957081,
        3.872253644959004,
        0.9813253423188001,
        0.18489889211204547,
        -0.053037460522342386,
        -0.04658028328416485,
        -0.14496260084721663,
        0.8921158793210009,
        0.4279195044158867,
        2.0295953676124454,
        0.0,
        0.0,
        0.0,
        1.0
      ],
      "fov": 50,
      "aspect": 1.66996699669967
    },
    {
      "camera_to_world": [
        0.12857703353006567,
        -0.44190452086145166,
        0.887799718929556,
        3.879950577642386,
        0.9806606705961294,
        0.18985832464589927,
        -0.04752331752553693,
        0.004915531476291963,
        -0.14755539839619675,
        0.8767406749114546,
        0.4577698039414104,
        2.2627252301913514,
        0.0,
        0.0,
        0.0,
        1.0
      ],
      "fov": 50,
      "aspect": 1.66996699669967
    },
    {
      "camera_to_world": [
        0.1253359994468187,
        -0.4498308990346598,
        0.8842754376080545,
        3.8835064498138054,
        0.9812169266994322,
        0.1879464734461208,
        -0.0434679868146519,
        0.03382978021134027,
        -0.1466432064653974,
        0.873114130816926,
        0.46493815137710603,
        2.3059842443132634,
        0.0,
        0.0,
        0.0,
        1.0
      ],
      "fov": 50,
      "aspect": 1.66996699669967
    },
    {
      "camera_to_world": [
        0.12162119516653269,
        -0.45463438379712207,
        0.8823354588795889,
        3.898283017315463,
        0.9819676892696607,
        0.18473198151718645,
        -0.04016904573384547,
        0.04662975146094445,
        -0.14473334832677714,
        0.8713103190675252,
        0.4689035996973981,
        2.3105244940029355,
        0.0,
        0.0,
        0.0,
        1.0
      ],
      "fov": 50,
      "aspect": 1.66996699669967
    },
    {
      "camera_to_world": [
        0.11572142893507402,
        -0.45885593933441055,
        0.8809425508302683,
        3.898135315406779,
        0.983201965999519,
        0.17894614911833756,
        -0.035946763003493525,
        0.04329238581691544,
        -0.1411468913615624,
        0.8703042586893055,
        0.47185596574255145,
        2.28623651647606,
        0.0,
        0.0,
        0.0,
        1.0
      ],
      "fov": 50,
      "aspect": 1.66996699669967
    },
    {
      "camera_to_world": [
        0.10771077215472773,
        -0.46138186141116994,
        0.8806390677020728,
        3.899239050296503,
        0.9847554769418339,
        0.17120519027741268,
        -0.030747901638446408,
        0.04982745167103465,
        -0.13658345505922267,
        0.8705260253561808,
        0.4727889582279449,
        2.2559059360777924,
        0.0,
        0.0,
        0.0,
        1.0
      ],
      "fov": 50,
      "aspect": 1.66996699669967
    },
    {
      "camera_to_world": [
        0.06977729112297217,
        -0.46640601482489225,
        0.8818143563240971,
        3.8899154946028975,
        0.9901670467456173,
        0.13982088759730096,
        -0.004397605097848394,
        0.15300245896531015,
        -0.12124499652881679,
        0.8734503699504751,
        0.4715761890625053,
        2.2226837238544843,
        0.0,
        0.0,
        0.0,
        1.0
      ],
      "fov": 50,
      "aspect": 1.66996699669967
    },
    {
      "camera_to_world": [
        0.09335563779712072,
        -0.4632475017231861,
        0.8812981771678068,
        3.8900603999013117,
        0.9871859541146969,
        0.15812518371212353,
        -0.021455029123583314,
        0.07499473118689712,
        -0.12941644752892087,
        0.8720081298147321,
        0.4720733043570854,
        2.2238858675111555,
        0.0,
        0.0,
        0.0,
        1.0
      ],
      "fov": 50,
      "aspect": 1.66996699669967
    },
    {
      "camera_to_world": [
        -0.035199695032254494,
        -0.46661125732849323,
        0.8837617982491314,
        3.8784542855588344,
        0.9959714226870358,
        0.056598801816564986,
        0.06955214463783564,
        0.5712684434889074,
        -0.08247367253150739,
        0.8826497097987314,
        0.46273921724011186,
        2.207599972914859,
        0.0,
        0.0,
        0.0,
        1.0
      ],
      "fov": 50,
      "aspect": 1.66996699669967
    },
    {
      "camera_to_world": [
        0.008174427587842467,
        -0.47052991173036524,
        0.8823461797623456,
        3.8490963881014713,
        0.9952258935398114,
        0.08964681076323813,
        0.03858588016224846,
        0.38782777006372776,
        -0.09725533179160227,
        0.8778183476821197,
        0.4690163632021264,
        2.2169337044501947,
        0.0,
        0.0,
        0.0,
        1.0
      ],
      "fov": 50,
      "aspect": 1.66996699669967
    },
    {
      "camera_to_world": [
        0.04693143949337506,
        -0.46580848813187,
        0.883640137393023,
        3.903484064935867,
        0.9925731515899944,
        0.12113804814692643,
        0.011140558060087272,
        0.237759702748937,
        -0.11223180801498728,
        0.876554633617089,
        0.4680341820793737,
        2.227564942439492,
        0.0,
        0.0,
        0.0,
        1.0
      ],
      "fov": 50,
      "aspect": 1.66996699669967
    },
    {
      "camera_to_world": [
        -0.08147113593368398,
        -0.46416445834306796,
        0.881994223145107,
        3.8878640622857183,
        0.9945416330131732,
        0.020018170049517857,
        0.10240221223875103,
        0.7637105162438717,
        -0.06518737771854294,
        0.8855227995481331,
        0.45999997533394194,
        2.185406274334717,
        0.0,
        0.0,
        0.0,
        1.0
      ],
      "fov": 50,
      "aspect": 1.66996699669967
    },
    {
      "camera_to_world": [
        -0.13140591250356734,
        -0.4593606639603069,
        0.8784761047436808,
        3.892959959657271,
        0.9902273309198164,
        -0.019063710509283984,
        0.13815356687782587,
        0.9643824103590558,
        -0.04671530005932578,
        0.8880452439983753,
        0.4573765684781456,
        2.148571625073082,
        0.0,
        0.0,
        0.0,
        1.0
      ],
      "fov": 50,
      "aspect": 1.66996699669967
    },
    {
      "camera_to_world": [
        -0.17688912209327898,
        -0.4529330126133274,
        0.8738203045310082,
        3.8887321396469736,
        0.9837526027314211,
        -0.05369133327793522,
        0.17131274719069575,
        1.1362843983717443,
        -0.03067662148854596,
        0.8899263603558925,
        0.4550714428288961,
        2.09587794885952,
        0.0,
        0.0,
        0.0,
        1.0
      ],
      "fov": 50,
      "aspect": 1.66996699669967
    },
    {
      "camera_to_world": [
        -0.2181747865374759,
        -0.4451468658188589,
        0.8684722392866413,
        3.8539602413105154,
        0.9757866305550628,
        -0.08537161820886142,
        0.20137561529249023,
        1.261775704925751,
        -0.015498843562422222,
        0.8913786819844136,
        0.45299429487860815,
        2.061285021005317,
        0.0,
        0.0,
        0.0,
        1.0
      ],
      "fov": 50,
      "aspect": 1.66996699669967
    },
    {
      "camera_to_world": [
        -0.25774217026087826,
        -0.43931753693505543,
        0.8605632315240457,
        3.8050384424348067,
        0.966211464866976,
        -0.11526087002562647,
        0.2305435685517582,
        1.3739864612250907,
        -0.002092565914850399,
        0.8909068602397243,
        0.4541812276903337,
        2.066252803077804,
        0.0,
        0.0,
        0.0,
        1.0
      ],
      "fov": 50,
      "aspect": 1.66996699669967
    },
    {
      "camera_to_world": [
        -0.2855001459140971,
        -0.4337492502381515,
        0.8546059060417556,
        3.7551362496913137,
        0.9583544324954816,
        -0.13555152699355108,
        0.25136142354389035,
        1.4328425459641647,
        0.006815306540710378,
        0.8907790811908894,
        0.45438549729286176,
        2.0731371895635053,
        0.0,
        0.0,
        0.0,
        1.0
      ],
      "fov": 50,
      "aspect": 1.66996699669967
    },
    {
      "camera_to_world": [
        -0.3341950607507073,
        -0.4223626722033707,
        0.8425695428507006,
        3.603853857701238,
        0.9422837681501981,
        -0.16904889027194686,
        0.2890047975008688,
        1.444607906680101,
        0.020370607643791505,
        0.8905235796239965,
        0.4544807944440519,
        2.1240188811512466,
        0.0,
        0.0,
        0.0,
        1.0
      ],
      "fov": 50,
      "aspect": 1.66996699669967
    },
    {
      "camera_to_world": [
        -0.35463918492518176,
        -0.41354817493919666,
        0.8385755514923157,
        3.530936906001477,
        0.9346418204810739,
        -0.18172920626413192,
        0.3056454858139798,
        1.430341128312651,
        0.02599453652842973,
        0.8921616460228294,
        0.45096771666840835,
        2.1368580459353392,
        0.0,
        0.0,
        0.0,
        1.0
      ],
      "fov": 50,
      "aspect": 1.66996699669967
    },
    {
      "camera_to_world": [
        -0.3734592948017789,
        -0.40579912786504374,
        0.8341793709932577,
        3.464478091300818,
        0.9270403188961697,
        -0.19576843356427892,
        0.3197983232612512,
        1.428848866624377,
        0.03353210809886646,
        0.8927495663861341,
        0.44930369404716214,
        2.147767621541116,
        0.0,
        0.0,
        0.0,
        1.0
      ],
      "fov": 50,
      "aspect": 1.66996699669967
    },
    {
      "camera_to_world": [
        -0.3173580684600483,
        -0.4275365603303803,
        0.8464610717598027,
        3.669777542833171,
        0.9481761227872322,
        -0.15781894806061209,
        0.2757811085068091,
        1.473502532523365,
        0.015681089384289804,
        0.8901155370250269,
        0.45546507464676206,
        2.0924423237817873,
        0.0,
        0.0,
        0.0,
        1.0
      ],
      "fov": 50,
      "aspect": 1.66996699669967
    },
    {
      "camera_to_world": [
        -0.39143121225252964,
        -0.3990424147567258,
        0.829184392846498,
        3.412669900855168,
        0.9191929114685673,
        -0.21185417382356195,
        0.33196716786378927,
        1.4435177801072867,
        0.04319719420956883,
        0.8921227271498312,
        0.4497232951001974,
        2.168058276720443,
        0.0,
        0.0,
        0.0,
        1.0
      ],
      "fov": 50,
      "aspect": 1.66996699669967
    },
    {
      "camera_to_world": [
        -0.47675981754574365,
        -0.3561664091237159,
        0.8036451738337302,
        3.303405535242872,
        0.87436553279696,
        -0.28624159625574774,
        0.39185541163760984,
        1.6594932153232005,
        0.09047094252273175,
        0.8895005551554941,
        0.44788812328273064,
        2.1993321705132662,
        0.0,
        0.0,
        0.0,
        1.0
      ],
      "fov": 50,
      "aspect": 1.66996699669967
    },
    {
      "camera_to_world": [
        -0.4204414328204087,
        -0.38593112361332554,
        0.8211492978959777,
        3.3591246772156524,
        0.9055380556678032,
        -0.23517288148229704,
        0.35312114854921767,
        1.5085504076085285,
        0.0568316048821346,
        0.892048700284927,
        0.4483517425494226,
        2.1800744404058348,
        0.0,
        0.0,
        0.0,
        1.0
      ],
      "fov": 50,
      "aspect": 1.66996699669967
    },
    {
      "camera_to_world": [
        -0.44230310721246446,
        -0.37697120569399517,
        0.8137939981766849,
        3.322662460947975,
        0.8940322805421261,
        -0.2573903163608279,
        0.36668311440854345,
        1.5590196540590757,
        0.07123371889702204,
        0.889743184946639,
        0.45086896341811084,
        2.2034654089549046,
        0.0,
        0.0,
        0.0,
        1.0
      ],
      "fov": 50,
      "aspect": 1.66996699669967
    },
    {
      "camera_to_world": [
        -0.5087591212121626,
        -0.3393624250847651,
        0.7911999121995621,
        3.288675535202529,
        0.8537781240502,
        -0.31692812841500084,
        0.4130611048170922,
        1.7450711191150008,
        0.1105760891365994,
        0.8856577814800939,
        0.4509802907618286,
        2.1921139989968412,
        0.0,
        0.0,
        0.0,
        1.0
      ],
      "fov": 50,
      "aspect": 1.66996699669967
    },
    {
      "camera_to_world": [
        -0.5396500468214959,
        -0.3206784327021723,
        0.7784235157071084,
        3.301918765302938,
        0.8318876529617211,
        -0.34521222225453463,
        0.4345013860230554,
        1.85262815192034,
        0.1293860882356436,
        0.8820396048031445,
        0.45306222063906554,
        2.186207879559984,
        0.0,
        0.0,
        0.0,
        1.0
      ],
      "fov": 50,
      "aspect": 1.66996699669967
    },
    {
      "camera_to_world": [
        -0.5808279298529394,
        -0.288911849064303,
        0.7610314444315516,
        3.2727591075031937,
        0.7999437802756756,
        -0.37572626822209154,
        0.4678885762296333,
        2.0217744637810755,
        0.15076095090136737,
        0.8805451237005304,
        0.4493455472697417,
        2.1457923478903,
        0.0,
        0.0,
        0.0,
        1.0
      ],
      "fov": 50,
      "aspect": 1.66996699669967
    },
    {
      "camera_to_world": [
        -0.6121346157982944,
        -0.26655268722658815,
        0.7444735570282792,
        3.239106774587231,
        0.7729576082586695,
        -0.40031104670919404,
        0.4922271850656542,
        2.159172169198629,
        0.166816509956078,
        0.8767557988680429,
        0.45107817637073044,
        2.1238792629843757,
        0.0,
        0.0,
        0.0,
        1.0
      ],
      "fov": 50,
      "aspect": 1.66996699669967
    },
    {
      "camera_to_world": [
        -0.6405611495611889,
        -0.24425709457628167,
        0.7280246461917212,
        3.1891431296288855,
        0.7463265190916571,
        -0.4212056797139748,
        0.5153469727060112,
        2.2928568013636434,
        0.18077096169585719,
        0.8734553492646435,
        0.45210354155784355,
        2.110370578375828,
        0.0,
        0.0,
        0.0,
        1.0
      ],
      "fov": 50,
      "aspect": 1.66996699669967
    },
    {
      "camera_to_world": [
        -0.6680996666510344,
        -0.21823210330122123,
        0.7113491298582441,
        3.0997427834475633,
        0.7183578814650626,
        -0.4383361148239545,
        0.5402068164861483,
        2.399447770913014,
        0.19391954408603435,
        0.8719152479239962,
        0.4496209635901235,
        2.07434910392914,
        0.0,
        0.0,
        0.0,
        1.0
      ],
      "fov": 50,
      "aspect": 1.66996699669967
    },
    {
      "camera_to_world": [
        -0.6913091771658766,
        -0.1974574692195698,
        0.6950555153771679,
        3.0099566976894394,
        0.6937412743820659,
        -0.4503388357748905,
        0.5620658121712211,
        2.472788621315396,
        0.20202639878769896,
        0.870749953129197,
        0.44830776633802033,
        2.0364051206098006,
        0.0,
        0.0,
        0.0,
        1.0
      ],
      "fov": 50,
      "aspect": 1.66996699669967
    },
    {
      "camera_to_world": [
        -0.7093895916343733,
        -0.17783821854541607,
        0.682011712029925,
        2.9185422947534256,
        0.6731348143041563,
        -0.4578005267196818,
        0.5807824028902063,
        2.490173184888817,
        0.2089400131037712,
        0.8710868187452369,
        0.44446802491642673,
        1.956764261762146,
        0.0,
        0.0,
        0.0,
        1.0
      ],
      "fov": 50,
      "aspect": 1.66996699669967
    },
    {
      "camera_to_world": [
        -0.7376572467788903,
        -0.14498835396941934,
        0.6594241150643531,
        2.8280448626686674,
        0.6394481847446729,
        -0.463519542642054,
        0.6133968149702725,
        2.5001761335870447,
        0.21672056968914583,
        0.8741441590686746,
        0.43463108940841133,
        1.882759907379625,
        0.0,
        0.0,
        0.0,
        1.0
      ],
      "fov": 50,
      "aspect": 1.66996699669967
    },
    {
      "camera_to_world": [
        -0.7268927625514049,
        -0.15698608961485774,
        0.6685673335262518,
        2.857032343467251,
        0.6519882324847627,
        -0.4635611704624617,
        0.6000186546607519,
        2.5138697131824945,
        0.21572727337123687,
        0.8720472515515632,
        0.43931234290170706,
        1.9016047018597244,
        0.0,
        0.0,
        0.0,
        1.0
      ],
      "fov": 50,
      "aspect": 1.66996699669967
    },
    {
      "camera_to_world": [
        -0.7548993248167597,
        -0.11722705751745269,
        0.6452788749196581,
        2.8150630879841563,
        0.6176398085395235,
        -0.4579635827332636,
        0.6393672057569149,
        2.5055527040579304,
        0.2205630892162572,
        0.88120779269585,
        0.4181204967567362,
        1.8943112239155169,
        0.0,
        0.0,
        0.0,
        1.0
      ],
      "fov": 50,
      "aspect": 1.66996699669967
    },
    {
      "camera_to_world": [
        -0.7477208296080949,
        -0.12967654290502476,
        0.651227729163127,
        2.8183532449207895,
        0.6266301484491491,
        -0.46223231728826436,
        0.627436006226093,
        2.486460183491863,
        0.21965477015191096,
        0.8772258997010565,
        0.4268799630854012,
        1.8854127922735588,
        0.0,
        0.0,
        0.0,
        1.0
      ],
      "fov": 50,
      "aspect": 1.66996699669967
    },
    {
      "camera_to_world": [
        -0.7574358885518278,
        -0.1050521635714796,
        0.6444027604714567,
        2.7877271327394757,
        0.6139624147575068,
        -0.4503810164922647,
        0.6482338260601314,
        2.5222836118085254,
        0.22212840436372108,
        0.8866346389266654,
        0.40563282543554013,
        1.846066029830896,
        0.0,
        0.0,
        0.0,
        1.0
      ],
      "fov": 50,
      "aspect": 1.66996699669967
    },
    {
      "camera_to_world": [
        -0.7595479057265558,
        -0.09282918544667706,
        0.6437932286660746,
        2.760732854478377,
        0.6113854797864703,
        -0.4397332587302531,
        0.6579076350619216,
        2.553046921229164,
        0.22202426452785623,
        0.8933181983640825,
        0.39075289182938144,
        1.7646913479990949,
        0.0,
        0.0,
        0.0,
        1.0
      ],
      "fov": 50,
      "aspect": 1.66996699669967
    },
    {
      "camera_to_world": [
        -0.7582545947764124,
        -0.08180324838212555,
        0.6468061518686804,
        2.7415007337571615,
        0.6121817438540779,
        -0.4305655935795929,
        0.663209455690481,
        2.5787182142958818,
        0.2242397868770479,
        0.8988445350629848,
        0.3765567949318576,
        1.6418206617030602,
        0.0,
        0.0,
        0.0,
        1.0
      ],
      "fov": 50,
      "aspect": 1.66996699669967
    },
    {
      "camera_to_world": [
        -0.7581775071143539,
        -0.069794366107133,
        0.6483021010348082,
        2.703615799283565,
        0.6121205273987791,
        -0.4187613974807744,
        0.6707811505379535,
        2.613892814555799,
        0.22466714862064874,
        0.9054102045333271,
        0.36021803660865825,
        1.4578118229034023,
        0.0,
        0.0,
        0.0,
        1.0
      ],
      "fov": 50,
      "aspect": 1.66996699669967
    },
    {
      "camera_to_world": [
        -0.7603220706838948,
        -0.05493261978215405,
        0.6472192489067389,
        2.6616893429816724,
        0.6092661695850583,
        -0.40574110691589876,
        0.681299411975266,
        2.6542871050559222,
        0.22517789291285437,
        0.9123357723318813,
        0.34196250541181705,
        1.2465070589396094,
        0.0,
        0.0,
        0.0,
        1.0
      ],
      "fov": 50,
      "aspect": 1.66996699669967
    },
    {
      "camera_to_world": [
        -0.7593363848656943,
        -0.045048471240066695,
        0.6491370347612362,
        2.6488284245794538,
        0.6109366505078802,
        -0.3927380784065609,
        0.6873959636452379,
        2.672299758510543,
        0.22397469435585038,
        0.9185463717432921,
        0.32574207478624456,
        1.0206354205555668,
        0.0,
        0.0,
        0.0,
        1.0
      ],
      "fov": 50,
      "aspect": 1.66996699669967
    },
    {
      "camera_to_world": [
        -0.761848383268679,
        -0.02779587478749124,
        0.6471587365525379,
        2.5779041872136768,
        0.6105066689805729,
        -0.36472222716731334,
        0.7030357772833403,
        2.667229229434325,
        0.21649168128973187,
        0.9307013948577182,
        0.29483260603748207,
        0.600030155133961,
        0.0,
        0.0,
        0.0,
        1.0
      ],
      "fov": 50,
      "aspect": 1.66996699669967
    },
    {
      "camera_to_world": [
        -0.7678649645896777,
        -0.0052206912143143115,
        0.6405904624481362,
        2.518872307442627,
        0.6015073383560735,
        -0.3498968769769175,
        0.7181650906202716,
        2.699891900754914,
        0.22039128405277364,
        0.936773675922142,
        0.27181383712662077,
        0.41536131878399746,
        0.0,
        0.0,
        0.0,
        1.0
      ],
      "fov": 50,
      "aspect": 1.66996699669967
    },
    {
      "camera_to_world": [
        -0.7580484757976175,
        -0.04266948076751406,
        0.6508009094896219,
        2.618790785625318,
        0.615237759898302,
        -0.37793090855420286,
        0.6918458839616992,
        2.655954491958689,
        0.21643707437152687,
        0.9248500115181941,
        0.3127418249497512,
        0.8059682553101296,
        0.0,
        0.0,
        0.0,
        1.0
      ],
      "fov": 50,
      "aspect": 1.66996699669967
    },
    {
      "camera_to_world": [
        -0.7706258095481885,
        0.02211834950188617,
        0.6369039490489056,
        2.465234078906258,
        0.5998813160188017,
        -0.3121819033543237,
        0.7366714776001941,
        2.684480787446804,
        0.21512384427760448,
        0.9497648329297392,
        0.22730704739136484,
        0.24483247187895732,
        0.0,
        0.0,
        0.0,
        1.0
      ],
      "fov": 50,
      "aspect": 1.66996699669967
    },
    {
      "camera_to_world": [
        -0.7707540328941774,
        0.043156852432757485,
        0.6356694950255499,
        2.4726812711341175,
        0.5999305119068667,
        -0.286773308287485,
        0.746889851676301,
        2.6683868915195834,
        0.2145264591782302,
        0.9570258908615008,
        0.19514057131671106,
        0.2128811362776775,
        0.0,
        0.0,
        0.0,
        1.0
      ],
      "fov": 50,
      "aspect": 1.66996699669967
    },
    {
      "camera_to_world": [
        -0.765889421630452,
        0.0077915020301420465,
        0.6429251016807989,
        2.4930469144460354,
        0.6061150794928262,
        -0.32493365172064453,
        0.7259770191892598,
        2.6870940911268963,
        0.21456445249085826,
        0.9457047184570525,
        0.2441406997122271,
        0.26964709909980905,
        0.0,
        0.0,
        0.0,
        1.0
      ],
      "fov": 50,
      "aspect": 1.66996699669967
    },
    {
      "camera_to_world": [
        -0.770636516455883,
        0.05279019285521365,
        0.6350846833955534,
        2.485672974235695,
        0.6022132010808503,
        -0.2656734436596401,
        0.7528325722084652,
        2.638697310474921,
        0.2084673115277603,
        0.9626166510663082,
        0.1729467061116898,
        0.21809510074055136,
        0.0,
        0.0,
        0.0,
        1.0
      ],
      "fov": 50,
      "aspect": 1.66996699669967
    },
    {
      "camera_to_world": [
        -0.7645457835798088,
        0.06286089064173805,
        0.6414968848549797,
        2.518565193305632,
        0.6119790120558285,
        -0.24166509452201684,
        0.7530469247615769,
        2.6198543071238363,
        0.20236460569959258,
        0.968321480994647,
        0.14629448330334366,
        0.20771418830709487,
        0.0,
        0.0,
        0.0,
        1.0
      ],
      "fov": 50,
      "aspect": 1.66996699669967
    },
    {
      "camera_to_world": [
        -0.7599095580139432,
        0.06626164551754139,
        0.646642759190065,
        2.5407293646738696,
        0.6200597122224466,
        -0.22468360598901002,
        0.7516935748550888,
        2.6607958363918622,
        0.19509848011636818,
        0.9721762554041721,
        0.12965304286909518,
        0.21893296120934752,
        0.0,
        0.0,
        0.0,
        1.0
      ],
      "fov": 50,
      "aspect": 1.66996699669967
    },
    {
      "camera_to_world": [
        -0.7625210274880455,
        0.06820662408653377,
        0.6433580178328959,
        2.505895883111738,
        0.6195094133596829,
        -0.20963382324709284,
        0.7564798390635267,
        2.7055488581905114,
        0.18646653700702875,
        0.9753981323646174,
        0.11759555262352779,
        0.24117142642640807,
        0.0,
        0.0,
        0.0,
        1.0
      ],
      "fov": 50,
      "aspect": 1.66996699669967
    },
    {
      "camera_to_world": [
        -0.747705900086947,
        0.06508675284763314,
        0.6608325064791368,
        2.5599094897018775,
        0.6418659011012227,
        -0.18413159725295303,
        0.7443814344115675,
        2.6896858102928873,
        0.17012951538058824,
        0.9807442426729249,
